0000000000000000000000000000000000000000000000000000000000000000000000000000000000000000000000000000000000000000000000000000000000000000000000000000000000000000000000000000000000000000000000000000000000
0010081104051006030101050602110710011010051107020412020508080904041108070505030711101105050107030712111204030204120408080410050103080706081101031212050604071212010708100411030209120711050703070608020200
0001121011080203090702080106100306080302011002070508040611040406081208020907080811101105020102080705020305040206080704110604050301080503090111051003060211090303111101100604070108070902050305071109040900
0009090206080301020310090506120210030610111107040301050712100603100905110607100310020304021206030404110812120101030302040612040212010710040606041201121212030903111203091108100302080101060312060211090200
0011090702050504110809101211020105040806060109091203010608040312060206010509020803010802100911120701080811011202120704050806080305081207020111050301110803070409010212110811061201110511060602020212080800
0009060910020409071204071006021103010103100503050207120306100603120703050510080503050507080806080908071105090301090403031104090105041205050709020403050603080405101212081108090701090810100408041107110900
0002070510051202100304011204030205110212091107110601010106090506011204080911010703070109070307011104090307020911070911121107020809050701110301021002011112070709070905070503111105060904031211080511031000
0004060708110408121206041102090711010301031101050601010707110403010903010912081111070912121004030507090209070804031002081007120205111009070305101103101212020403120807030410110202030201020805090302121100
0006051204100705031011121108031102090702010405050307090202021107010907070612120207090702111006070801050805081110021210031005071002080611051008040806020603041001090908110202051007040501080809020810030200
0007080403070608080412071210020402080701070209051104050408110107101108110212031008090605040905120411021003070506101108110703090304070706060106040304111209030903020202111101010706021006010412050908071100
0006100602120807060505040506071205041204040603040806090212120504070306121101090112080204100611100608080408080904100308060409080604080509101005090601111010030710040407021208051009091202071003080105110600
0002070704030305120107091002010709091206050812011203080211050301040310071111070704020108041204090509020703100207031106050508060504120503050603020107070201111211070408031202050710051006070512100605010700
0001070406050103040711080911011105040409031008030302030312040509030301060307021001120402040306091004090502080106030805100403120405110412061007010903020402010909020408121201070707101003070208090208111200
0011020106080712070505080102060109110402120801011208060610050208090404060209121203060612060612030501060405041002081104061207100105020808121105021110010612030105030308040906010407020411110903071209060200
0011121007060306020602100503100302040401110304110107070109080301060903061004120904010703070106020207111204090602020109110408060708100910010108020809011103111004121206070708040406040407050905090411020900
0012080905031112071011081103040909091101010904110107081104110104121206101009110605061006091212090310081203050311090901121105051205090506020309080101010711030309050509060501080606030906120304030607120700
0002030709111104080911120408020203031112060307070603080504120408020107061202030904110705080908050811011201090708080606041009101201030901120403050606031010061102071005010811090703010108021210080604110100
0002050105070607091204110508091204110806111107080602110805050608020303041108111202011004070709080112060906030102090709060811100608121205060611090412010403020112080906021204100402020609060706050309080200
0005010204120810090411100907011006030807021110120209030101090707090610061205070310070105021110120606020805050912080707040510050102070307120403030508090203070702090412051202040109110804021109110309040200
0007070807040804120407100105050807081209110204090510120702100103080507110803040909071004111208070401061204080104090403041003050301030104030510020803101107020703120906100809020901070307080904020705100700
0001040608061103060501040312040201110512030611071001051112090107120108060204050912030809101101111105071012080109011002070512110311070811041203061102061007120912110205090412050604040711060502011110031200
0002090603121006090711050505120206061009101002010703070703060304090812120507021006080602090303080104070702110607040404051107080904100208011110090309090711061004090405100302111202120604060209110406080700
0001080403120405110704040702120410101009100204090603030407030202061106120502090709110502020103080704040310080308091205120310111101010610090403060403091101010203021203090512050711080910031103011008090900
0012010703050407040206120101110910081110030403041011031011080703081110060910070904030606090703021211100904110510021012051005120311121206100509050202091001121206110501041202091005110605101107120807100200
0005120403031107021102051008050610110711050706111207110401070208090701120808091106090612120706040110071211080704051004040406031206051007080407090908040909071112031204101109121012031204050812021111120700
0008050706061111120508020204080901100405051110041007010704030210090410090911080203091204020804020312070411110902010602080203080802100309050402120708010301100903061107101006020401010206041106070303090200
0009080103080609080904120810090909020407061002010602021107010812010704051203110101010112080205120602040605100105110511101203071105120108060303010904031003100403120105010304080205110208060501050205061000
0005031108011002060509110607100509050801030106120911041011041106110504100706050802110801041209041209070707060102090105110204110809090203031110080710020204031210050511070507090204050907050905100208050500
0004060301010704100205040509050511010907080706060903020910060902060104120610080207031007030305031208080208090203020801011211050306030605040503060201070912040711010903080504090611010608120804061008061200
0006080509070208020510010505050504111103100403111209061007010105100504040801121102111110011204110106021002070712030112101211110902010808120805081106120112060107080902100910010211101108080212010212031200
0005040507050102110209020107121002100803090710020109121004081109060104031001120604090702030904120812010102021110060703020807030901020108080503070709120807031204060402110611050401071003070611050808061100
0004110504061111060401091101080112111209020410050807090608090110091106030912070706040309081204080806040303110410101206040804110309030109110501070409101109020304010201030610090508050906021203120705050300
0001121201120311090108091209040407040703040504110302120302060301100707120102121206120201090111061212050604031202111003111003040504040303091210121109050307080810110511010112120505100303021103090404110900
0007060612020802040607110506090606090502101201080406090608071212100110020108100510030809030202020302080307111107111211120701040612010102091102010111091107060907030408011110040609100710100808051212040500
0006121111030105031208051111090809080610090506060611020512040702020404060806080707121208100606100712090803121001011101031105080102020103030103090511110103121210110804040705031205030706060402050807110900
0001091007020701120701020701050803011009070802060206040601040105051212091209090711120911101006120704100501021010080105100505090207070503071102060807120202070301120508010301121108110208091207041205031000
0005020601120211080705030205110104060602111003110311030801090312060603091108110605060601011005120507051010050904120512030710030406060208041212040507080703060211011103090404021101050105120804111211100500
0011100708111106040605060509010107010704010306021212020611040704040703010309110612040206110212081002040503120612090804090508070205090402040402020311090801090909060312010611080302010611010802090404020200
0005010201040304030409020312020908040912091212070602101212011201100707091106120305020808080606070808060412020101041103010805040308010611050703050401010207020202010206110602090810050309050512120708090900
0003011201040201111211090905081004031205050312080702090607060410010702081212050903021211050805051006070810020503050211040707100406110506061006060512030211080903041007021211060307060206101012021202110600
0002050409090311010606101008040112021111090511060410090808060402101104050411050105010501100408120708100610100808070103021204020102090103080702070403060210040504080207120609100312050309070810051106120400
0012060412100711040812080812080602061206011207020605050309070310070901010311070608030105080809050404111211081012100307040204120911060901060408011205110306010409100308021209050906110811021205081009050900
0012060606090711070908060802010411050102070807050612080711010308090512070806070708090912080801021211051002031009011108060911070712101111100108100610071101040109090710021005060909101204090809090210020500
0010100212081207100711050809060604080408050109070802070402120806030406100207120205071008121204021009100609020909070308110403020110020606101004100703071107100606050407040907110508060501090109070901070500
0007120312120901060308080403090612090508111005060908070303080902110509050710071211040608010209121112011107090506100306090404060703020209120811121203020804010103110808070208101108041009030801050107031200
0010090708100204080510031109020602100806020808020504081209040702040611071006061110010307020803110206010909110903081101050211101009070808110604100811021203071210010803071201110111050611010605021007021100
0012040701060603071107020404021208010305060511070303070512040511010708060901010402010908050610120701100605030503110703081112061211120209041004061212100412040511030711010406110411120202120605050409100600
0010040807101010120412120907091005040308080811071211070303051107070206091102030708110904030404120903050810111106040208050111080802080203091012040708040403071111040812041205030904020601060712040204070500
0007010406040502110112060609090904090107110510110501081010050510081010080904110804020609110304110102010810101204040806041112060608050903070112070404080909110205040110070909010408110612010806020104090500
0001060608100107021211040203061205041206090104040106051201050911110812120905110706061007050411030406020504100509090110120101081008120706050812020103030807080509060611060609030211040108090608030401110800
0012090210060904040901021205010412121101110211080510020208040309110912090308071102061106040108010607010709050904040612060111090111010411081001080202030207040306071110091101020610090307040810040101010300
0010090809081012100702110208071102101212050406061005061103070306010802030102121208111102070502020205040602040612120404050612121207031106031101050510011003080403060611030911040504021005110401080603120100
0010090607091010100410090306110208010103020611010910040304110712080901040402090707120410051210090705090401100410020303090210020403021207020707100109020911120202080910080108101105110802091010110710090100
0001110504080605020707091204120205080603050612070403090208080812030911081009030404070708070902050903021004030604071109100802030707120612041201110412020909120312050511100811030808031002120510070812120600
0004020101120708070704050508030203021212101102040609060307021209110112041205101003101107041103060707080903031010120509120611021003020602120312090604020907080205080307110701080909060312060207080311010900
0011101110040407041202051002041008100407011008110607110807091002120406070912080401060703090209040504010302021007051207020306110312110304011210090807091010120205020407070804110309040405031001070105110400
0005010411121204090307020811020107020209010110120211010105011011030109090612060701090403040404070311120301020311120609090602040209040107120902100702010806120212080203090403071210120203110508070208081200
0009020902020705010507121004110407060807060702021004040309091206110108010906100201100107090607100405080311120804090801050305020404081003041207100902070802030310111202110503011107030811090909050902050700
0009101003070703040412091012080205040708090709070702080206031111111109030511081208080904020704081110090504060809080101010212060403100910081107050107030411090907070302010606080801051010090906031009010300
0001101108010207080801101102110101110812010103010912040102101105090802100512111004120103110609120508050708040309010201041010120701110302020303090409100902010812041003091110090705011109030801120509020200
0010050610030809110112100510061212031009111011061011110907051204050510050811110401050109101004040801060505071105080910040403030502080406030312030805081009080311071208090304020910110408031206020809120800
0008120208060904040907061001041106080510020808080602101205100401091005100408061207110711070705050409120308060711051001050811101211040601010610021111070304111110011205081011050803080210040501090311050100
0008100909110811081208070610100204080507030302040103070707040807031201110304020409100902080305090209030207081011040103090209070704101108090202091002120303121106070803080705070710100301050305050111020800
0012021201090507110606110310010202050110021201060210090609081112080506041209021009101209050712071106031112011007081208101111020809100705070405090203081203100407060706080808100307060109120907121003100800
0004110410070312050902020611060508100901050803111208120110071208060903070811041104040603041001031110070607080510101203030606010902020707021001041009011112060108071009040405121107050107050706021004091200
0007120508060409120510020205050312090608051201071211050906080208020602040110010704110306060801030305060510060303071111090107090505121007080809111102041204111002060111070905030607070606101206100707111000
0007090802120910111012080808081107011208091209060403040410091111020410071008120111110709050709101112121104040912020702120212040702040101010308110405110906030103100801050501040805030710051101031212020700
0012110809060601110405080908060510041001080205110804010603101207080708110403061002041012100503111111041001080305110112051106110710041112110504051012080610050603010509101207080308120612081101040704020800
0011010212110501090207031107080903081107040205030705010210100906040712011203090611010308031010050204090109040802090304040807010909070502040908120110090806100904040206031205080107080512040305021110060900
0004081205010502080402030111050412060501080407010905040904100912031011011104091101071103050907040203110508120609011108111212090310120904030708050205080510030111040705101005101108050701070907011101110500
0003120705060202061007030505011204100608120801070908040703071209100905081106070905091002050812100504041107010204020905120405030403120704110701110211100708071107040812070703030905120112010208070911050600
0007030509081010100409071204060404050612040209040810030811010712091012010610030907080605040611090708030502121106011110110102120812061211060310030103021201040711100506041012040203110708031202040902070400
0002070810090412010211080810101103021211080909110802021003100709040509121202120808050203010903031202040108101012080711121007010407080311030412010812051011051008110304121107010706050309060105020602061000
0006020509110408030404070704070607100107070402010201010208050204010710071101060311041106100610080401060809050708080304060109021009060612110611040311030109100401050509050403121101031001030108100812061200
0001080610010805030902031106041206010412060804030410070609060511061007010501060511040602060803080605070509051101091110050709010301120301110709110310120303031009060101050703030403030710100704120706020200
0011030206030606100312060302050212121112080403081208010705090210070711030508080504081207120605070701080803100704031211100304051007020503120411111007020807050910031101120211071010020201020703090512030800
0006050503121109010605120202070603111011060608060812030411120209031006010602030812010109020911050204020603090411101102020302110105110502060505060311050102070508050107090904040411060106050909060705090800
0001100102011202050611110607090104060805100206040704010306120103010611090611011105040206030302021004010301051209011001091005070210051112021002080803080210091008050911070408020103120905120406100506071000
0012040504090312090502060101110612010202020407031008010312090308011206010105081001071102111203090410030504010501100211020806060102050804100604010504100206040202040704121209010501020909121212031103051100
0007061101060606061001080208111011101209041207020610120808070505010606010106070205030205070505010602030112120211100406051106010111110808120107081203060109040308040607060811070502080403100803020106030700
0007120105041007090110080504060812030507051007110808120109050202090603060609040801050203091210070511120110060607090302081011100710101106020210070906070702100205091012030512081008101204100612070307081100
0012030810110311060801070912011103061010030605010910110908120109100705070407070903010111110705100511011102041111061203020701090108040712070109021203110210120102111206051208110405030606120510110301051000
0005031106060310071206030607020605060901060303051212110912010105080806090908031002010408030305061107120704030307100312020205010712100803100609040302080401020912100107031109031108121103030106070405110900
0001090508101110090711091206010203061207120401121011051109051008070810090601101111051106040111110302080206011003020308030707090201090402101007030509051009040710031112021108060908081206011208120403090500
0001120801061204011110100603120805120705081107090511101007031002010212030412020903110308080207060606091003061211050312050406101104081205010509020505051208081011090403070111030205090104110601020611120800
0011100411060109110903040503050602101006040207021010050306090403090301010707051206100809031003030111090708121002010803120602120507110512030804060503110106090908020710020110120205071105050608111104110600
0002030202010711080310010905111010100210030609060104041212051012050711100701030908100910040810040105100211061212030112070206030612060508040604080706040808080405010509070808100107091205010912111012111100
0008091105120902120706061112081103090208081006060801100410020707040811100704070311080101040710021109070809081110030403011207050605060912020306010911090510070606110412100308090210100701071203060306030800
0009081108110312031010060208010604060206030210070304010807080908010204080507090111101005040701100505041012011203040412110106060508110304020208101212020803061107050311031202040507111012090412030107110600
0004070405120705120201060704050606050608031205100212080202050811080802050208041211101112031103011006020811100309050510031008070309080311030212100211110605050407010407010306031204121104100205110612020100
0011080410100305061006050305120807100903060708071110030910060111091203011202081002080310081107110807111008100401080506050201090412030806110102080202030501040704080610050411031204040403030806051003071100
0002111107120203110901061001070207010804110602010811030311110508030311041211090505070607040802020404111106010305040911110208110509120506061203050308061006050604050307091104010606120308060904080712111000
0001051204061009100812080705040810061008011011020702070308100703041010060906050908050408120210010111081008070302050712110701080105060311010105040407040207070706030206010610110712050803080910110408080500
0003100111090503090208120206070310060311100609010210080109010111060710060210091006070806050702020501020210070805110506011003100909030112010504120108020805080609090306070105051208040910070602040311060400
0005121104030508111209060312020301080701100701020607010708061005020311051212060110080912081212080505050303070307031101051003020402080907080805071004051207090512030310100108060903110907091001070507110700
0010050702100702100310060903090802020505100101040208040706091007080912090406051205110711060709030203100304111108070609010712010805030212050406060709031011121004120308120410021104080604120707071102040300
0008090805101006120409100201040308121003110707120803031006120312090609100708030704010401081210020109030109100609070707010808110301010211061011020205050804060910041206010707090904111002120105010712090300
0006030511060110070703010810020912050103111011041101050312101106120609090901030805080209041002060503030508100408120708061007090507120403031106080811090104090211041203090901040202120203091109011010010500
0010110112041012020206120708110812050711080203090609020502060801010404090604120105090308011209070610090509090907010503050412090308060408020906020904090212120912120111090909011207090311010102020404021200
0011031112090504110203080704071202070305100705110303060111060310090808040601090303020811060912050705121206050701020110111010040311050407071209091005080403110904010209020312070603040105051106040703080800
0000000000000000000000000000000000000000000000000000000000000000000000000000000000000000000000000000000000000000000000000000000000000000000000000000000000000000000000000000000000000000000000000000000000
