0000000000000000000000000000000000000000000000000000000000000000000000000000000000000000000000000000000000000000000000000000000000000000000000000000000000000000000000000000000000000000000000000000000000
0009030906061008090412030606040211111109100806080705091110101107010204121007030802030801040207070510120908100911070310030902110701050910021010060208050203120109101001060612040104051012030401110210071000
0001031211080110121008040601100305120510060807010101041101120405061212080409030302100810061206020803101011041001030611040105010601110311040109080806050208070812071212090402090108120803101106120611050700
0011080502110303090311121002010710060312091112070312100309100801010103090405020904091003090106010109090803050310010806120201060205020602020709010202020510010410030209020906040707011201041010070802021200
0009101101030706030712011207050609041209070410011004111107020712041011010211041009120406080909060311020711101112060111100405070303080403070911090207070409060704040503111205020803101011090308061011060500
0012030806070407040310121107100507120605090704060906040811011111010909010612020203091109071208100312060904060704101003091005031212110306030610091002120508030102120106050306090608110806010402070810061100
0005121109051212110704090502120801080601070410030809010403050803031211010408040605040404030912060305120901050407070304060610120810050511061006080404010204010505090806120712021004041105100205010603030200
0002040808050608020711120906070301050711050201070607071208070512070903070812070312111008061209020609080606110607100810010506110101080810030507040906050608020307040102040602041012061110061006030801040300
0004050507091102051106110406060106110902030104080603010104050801120809060601020611050602081209070604071001010508111209100508100910040804081011080306090605060111110704030609111109041101020606100803040600
0002010602051008011211070711011210051001020805120412040705100111030509060811100809101002030511040505050801021003050203030404030610010402060908110606030210040907060202070306080804060412061107091211120700
0012110908041207110710030204060110120711050909070105121003080612110508110902061206050903010104050905060408080908030206111109040804110806040903061205050710011108051112081206060806120701010705091212060500
0007031001060912040207051103080801070904050212021101030104040912030210120702010712090306040608091010060501060608111210021201070810081202060308040112020206080109100204121112101010020607080203060412120600
0012100301081211090811120110100105051108060512040611050202010811010103091205021112080310100211090712010404010607121211050411120506070504091208020112090512060609070912120301030411081007021211060407010300
0001090906040512061112010408060402060210011204031107080403050510120304120208080508111001050902091104120301081206070512090108070307020407040311030803060507010205061209101202080210030205040603080810041100
0003110310060104070603070802060705030105090302020704081001050504101004100807050803060306060610040811070403010902060903100602101203060910120712090910040402060610110406071110090909021207020603050301040800
0004020105020301071110040311030607040304011204070211100312060210070903010701030212111207090702060411080607110908051210101006051205100701051106060907080106110203110508051212010712080902010602030207070800
0001091207071110090604110910060509091103100310100601041102050704110305040403031202040902101011120212091110050501010602050406110504120910110401100610090701080406110511040906060311060505080707050603051000
0002100311070206051110090406091004010511110404100504111110120508080409120903120710120810100201020107071107091211010507080110041008080202030708050202060907030202010806070709050808070109080208030606021200
0004120712111007060904090901070911121203110509111203050808071003020812101101091108010308050403061202061109121204090504010206020402020309090207020803081208010912080611060501060404120905051001090411100700
0003081208120606020203030802090911050411111010090210060305030405101104060812080408020507050911040301070702030505031004100106100111060907060209071211070203061002070106060310060509060302010205010406021000
0002081008100312090511091204010506111007100806011209090710060606050805040402030109100202071102090304010511110106040112110204051004090807030607071008030812060605040608071207070406020902121112071104020200
0006110803050502040410031007090901090402040810070905041110080107111003041208010310100410011108070808081106091004110412110309051203030907060703120108011211100508021012041103020601010401111105100206121000
0002070207101111071006070604040310120903110709070107090302100411110610070912111212051101031009120510091104051111070211050310030310070402111110120509020808100511120906040306030103090502030610040806121100
0001080802090601071102090908040711051006120910010901081105050708021209040308121111080208030303020712110601010502070302100802030101031101091011021101040410050907010108090408121206081112090203080811030600
0001020410120511040807091207100812020903050103070103110210050801081006070811080612060711081206010807010205010307121005050307080910090702070608070812091003040108060203050201071010031105080907110208050500
0005020206100607040602110512090905110310021101081009080104100506031111070201051001061207110804100309010812101101070207120909030310070609040512020912060105010611110105101102120806100211041108020512090800
0010080712121103020311040601090409051209020409050104061005110509031206060306070307071010020603060307051102120604110606070311030107120707080402030612050702070504060311110907090102101201030210031110060700
0012061005100208050202120408061210061211111212011212020911111010111208040701080611090701090707090806110504010103090807090207090907090308010504060607080201020604070104080301051204060205050501100206090300
0007040708080110111006080403050907020412120505090403111201010505050409030109100601041209090302010907040202020705051012111109081209080207070507011109050810090406060704061211020505020512040808020902070800
0002050607020107020601110312070706020512080711021109080502080909080308011004040106120611050201070310020712061212071002120104120411100301040411080702090812021006020608041112061002081203060505031106040900
0004111108090608121212090702090311070903020308120607030710090910030403090311110407111101111002060803051103021102010910020408031012021109020405100304100101090904120303041101060606090805061112100401061000
0012040601061204030402060808020412091212090911110109010909090810040709070403030306041205010406110707030504040403070804041205031003080901051201060412040312120403121202040710060504030505100503111206110400
0004101109101112120808090711020604111006060709040101010101111109100805090807080908081004120902010808120108091008060102110903060901040107070712101107100901070805020411121206050308010906061005081206101200
0011100107050911060809100201110903020712110312030105060711110104091103060607060612061203031106010108040204051003070911010603100703021008030103030802040603010904121006030606050603051106080508010309080700
0011110404011003080704040801081202071208070611010701020208040606010704121006090109110402080608100703090410070111060901051211031003091204110908091105030709111111020308041103050805080810050812070805020900
0002040404110710110105110408071010060309021106041209060503020102051102040604121108010904031004090601050702060409081102020105081003110302030512031003070210030702100309101002120709010605080902010306100400
0006100101050509020602050812071010051104011112110412070411080104111008011110011211050108090308080811010910010605021210020107120709010511031112010812030808110105060802120108111111021109031107060703020100
0001090901010601120605010411030507100309100401091211020306121209081209011009120802020110010710010612090502111103050307060205100109010402020606070804091003090103100807090211060608100404070308060311120600
0008070901061211060112020901111001090809020906010201120705081002060405100607110407030206100403060112021104010407040604121108010301081209050609061206070101101003080404030303101001020806050410030112080700
0011020508110104111205050511020512011203110105070603040302010703100106120601120612021206110804090904090710060709100102040707101001051011030608070911060801030404070712100410010802050809090101111105030300
0012070903031201101211020310020612090810050201060511030307060904031112101102120201100411111207111212100704111201050607030811071211040511051008030207120206090101090602120107120507111104090406030402061000
0002070108070205090907031005030709030809120703010912060711040707110802070508050210061204100712040801060604120103101109050104100302040110051209061202091007110307041211050812090508080905020806020411030200
0005040105061008121008060307070811031206051101111108041108030611061102060912110111120306050105100602110109090609070402040512031205070608090509030310060701090611040812030405080206120208030611070907050600
0009090304021012111102040212091008040704041203070310110408020401110604030503121111110411010707080901080504070609020212120308060108060409080105071005120107091210021209021111020209120207100101071108020600
0009011106120812120304081007110606031209010708110209090807071008101107060108090109040312111206050507020403040107080709061204080807070903010309050509050108060707100801070406070501090911031002080512010100
0006050304080509030912030602100812011011071106100401080612060306020404070107040812030504040103050801080811070506010101050711050709111109030809100310110803020905060502060507070705110408090911020204100500
0008060901070503120710070812010807030908030604110304080501030606011111100301051208030107010105040201051212050909091109090904020902110711040507010108050509120405050705100802020705040506051105121211050500
0008040111010403041001060910081112030410080506060301080212030810051203111101050207041006110702030104100102061103090402081211040803010206070902020501050709050706050805110501020408050804030803060111010400
0002070909110406040709050506060302101101021102031003030411010512041209070505020808021005090209110807120202120904051106100610100110071206031111071208090312040802081210040107100111031012040411070603090800
0009110806030811040203030803100502010211110511120906120201011005050808050705070801060605030301020607030510080310120906040806010110020811110208070909081208100208040909071211040310040501080103091106041200
0007100103020802090708090709070411010507041004090506051203110402060507110704120708040307010404050202010304081006030612070305030604120804090401080403051211080508080911111009060808090609030411100201080600
0002050804080503020108120206091112070103080811111209030903010110020410021005120701010101100812091110081102120608121104121007060706010208010508050706101103110707020402091106051012120206010612081110041100
0006060503041010100503070406010802090101100911040403090809061112030802041210010403030802080506020810030105050404120107010211110805010708121101080910040502081203020307020902100609060607021108070303070600
0008090511081105080203020901061108080508110808081103010611110709020407030605080310010111041205010108010712071105080811050410091010031211121205120704100212050411100404030803030605050112110209060502071000
0003040603050112120307120611120409030809050511040510050809080604010304111011020905080503070910010602040704070412061211080206090408030210070505070709061001080412070605060609021006030703100911060109101100
0009080702040805110911120504070805030709011005070505081002090912091108011210020811090207010408020212020808030208100405041211080503101104110403060605100210021210110905081205010509070801061207110801060400
0009020810030511060310080910050303010308050301080403080203070708060604060808030212021112090910060305040706110411090809061012110305080401031110020101110606100508080910010911020809011010110403110102060300
0003080507080505090705110508010310080604040802080104080810120706121105100503040101120902110108031011071005030312090204111102120205080410021109030405080607080410010705121201100108030702041206021009111200
0011040509091011090111080701100112081107040511070501050105070407050204070402020905111109081109100402040405101009110508030301040607091005111211031210070603041107090606091206020210050102010809050910011100
0003071006030608090812080512100510070812010707031209060506011001041011050905100107010710060102070501020903090307061105030908010805061111031107060210020209110112040511111208041205010605070307051110110200
0001080403020609050912051210100309030710101107110202110609020211020306040504030811121104031006070809070706050809050506011210120505101009070105100711091209090702040903100101090807041211011109120912070100
0003100903021205100708070906120709100406081006120709020201100204010206071005080504121006110602070401120312070212050409061201020502061202060403110503070706100907010408120705080801050702020411100912061100
0009051209040610070907070208021101040704080608040501111009071011010807070502110903060112060908121004120304030410031002070908061207020601011107030402080408050308101002091203050503060305070405080612011000
0008100306030203030807100506011108070711011208020804080108091202061202080306030210050311040101011212110510010102060512040102080707070501120208020303050804091210100411070102110411110904120201080101050800
0002040803060603040405040202030408091001020706120108010704080312010806110605100808030107021212090310020912030804020402090507100910040610071203121003050711040710031002040701080205060103090701120905110100
0007091108070406120611090704060312060111110611040103080908060201050208041209060306080804030411040908070103061006061211120204120908111211041012040408060508010705090909050708060506110601011111011010050600
0012050109100603100206050212080804100508091003071206060508090610061012020706060508091109071112120906070109080801030701111004090704021210121006080902050701120304011008070410090104111108030911091006051000
0005060604070712040612030308100101090401031010011008010902051207050606050812030503051011020606111110050508120512120212120905021105090212120108060306051104080703030707010903051006050811050401040506121200
0012120211020105051201050503070206020705031111100607010704040204071208090909020406030603020506050806070706090306090611021005090805061204090908030409120312081203090211030512111103090103080206030202030900
0006040401120812100305080704120608090906010806030501110112090807090309011108010402120109110612030307060511030806051207100508111101081004031202110610070304090908051110060105070604021109110303060410020500
0008100812101212081105011205060302120701030203020806030507100809060304100307040406110407020909120607101008050711060504110103061003070112110801050608101212020106111209060902060706060201070612101106010500
0010100711070305060510100211100605060502050608020802040401080206090303100602020302100912091012030212020212031202040912050806010402030411060202080203011108040412120104100610060201010104080505050710110500
0010010803120703091109040104060312010904010810051106020601080310061006110508011111070910061105090406110102030312110102120903041202121010040907011106081202030711090505010411070303090312020210020901070200
0005050712100401090407120107020707040105050102010407100906080501020107120507070812071107060702020701090912120105080909010401081107041104101106010908021209041012100102020612040205070403110410111001040800
0008120304040806080103020703070402111002070210030504110702070702110607050501010910120604120502060103010408020705071001121001011205110101070107031006021109010309090806100208040102061111030611020503080100
0011020706051204050812020912100707110911090810070110100807021206030404060403060904050109101202070209111006040205070505080608040902110709021202111205120406010109041104031009090409111010080308060612030600
0001040203110612020810061007040402090905030401040203031005061002121008100206100302010105010103040209021003050905020506021203100411100909070511010810101005120101110109021112050404010510081202060508011200
0006060202020610040308100201030111070207031210020502120601020503110603020701120808010911070706090505120409100506021101080708070509080208030812040603021002110510100809020911021007040302070801120603080300
0010080308090801040701010909120312100612051009020607020704031210100201061107040110010912010107060812080604090603070702080904110904050510060706050310070107051110030807030501030201040201060901120201040200
0002050602010309040810060108100911080602020701060602120712020506070204101108051101010203070203100602061010040512080711021209070803011012030406060805100305070605071209060908061209090703010508090503100600
0007030908050606060306060601011005110801060703090308081004040703020705120406040507080811050405081011010610090202090507120612030502090607111108060710060706050904020111110608050107081204010708070604080900
0001110905100905110202010202060106030409041111101004100712020510050807040412101212110101110308120512020112080908080507110912031207051006120702021207040905030212051212010709110110050704071104060110010300
0006080108120409100105120910120210110201010704121203110612080603011001021201080606120608050303090111090209120407080703020809070109010111040201110201120809060306030702020705040207070105120609090507031000
0001120505050307090705070112041207050203060205080412080710080611040308011006071004031108090907010305070608020810020301090501080908090404030108110501010106011212110612010510111005071110121209100506120500
0011071005020812050511081202060212011208070205091011070905090807081107051105111105070209090312050402050201040810040307030401100710050508081111051204061211010107110903030809080306061109080412070511091100
0006020808110207090810050305080812030601101203050712030910070209010503050208060312010504031210110705040305031202050812040101010408040708060303080604010905050110010309080709060101010111041008020108060300
0008010207110710120910010110100102100501110703010709020202080609100803050805090407111003010806030105070408020204030711050703080501080410080302050701061203020208081203110410030611030712040804100102091000
0012050912120204070105080808090101110703120206070806060905010110121010020709020202100808101001010107100402050603020307110707090310120510050502090106121004110110030905110905060811031208030803020702080800
0005100212111207120108100802020708080507060304031109010811031008070911111206030810041003110703041010040904020403120105020304030808031007050502110711090405070604020112031209110910101105120206030703051200
0002110510040508040409040507090612040607110301050209090310020802090305090201090407071112030801050602070512030406030301111204041109070702010508120902060304071103090903110405120302090704100712070601120300
0005060602030305091211071209050102100907121011020805021012020310010212051108110212040108010910120902071112060708020203060104070111050604010602091208111207030906010806100409040603061008041103050408020200
0007080406040504060901020906030608120404010904050103081206110405070507020708100705090512070204060904100805050205101102061211040306110709030304060909071103060612041106081108120609031005080807050102110500
0007050410050409090905020404010306010210080101041111120301060802090811050312011109041112030404060103120302030108080705071205101203011208110907010704020502070901010905071110011101031110010406050307080500
0010070502040112100402050305070402020701110212030202110107120209120111020506060509030805021009030611070812010111040812101201070101050405051109110111080201040105110706010301071102040602040909080310110800
0009101007120710040307110606110606101211070403120203120409040105010203120208030309100306020711080309111206010809090111070609120504030105020609060412120306050207070106071210120707030603101007110612070800
0012120911100209100310081206061203100506090211120702100703060704090303040605090404080407100609080312041107041206090207101202100407050709090708090203040508010206040605090711060702040907100506080708060800
0008010508080104110710101106070206031205101007070112011104050908080510021206120706040506090309110101110204060407030303120204121004051102111110100512100906020803050110101002040412110206020510051103010400
0009010203080103020812110503061005120103051205090102041111050106120804100311080307021001010608120512021101060503071006051102050310101011050203110903010404100910090504070109010404090501111201110309030400
0003090104010501100610070711080502021007010907071209121207050112050301050203081209010701020603100410111212081204010404030804060209080505080405050807051204030305030505030510010302080104060202060708021000
0005050705080206030703070908030403011109070107070112090808060303040302080204110602020307060502030811110905060708010105040902111206091004120912090606011101020602100704090101021002020705100502020707030900
0000000000000000000000000000000000000000000000000000000000000000000000000000000000000000000000000000000000000000000000000000000000000000000000000000000000000000000000000000000000000000000000000000000000
