0000000000000000000000000000000000000000000000000000000000000000000000000000000000000000000000000000000000000000000000000000000000000000000000000000000000000000000000000000000000000000000000000000000000
0002040802030206050604030108080809021212030911060508011211090601061205051007050301010811030712061202080601060903030109040608011009100411061109071210120606110703051105091112040603030608030311120401041000
0011120604010501100801080203050103050907100712030208110901120407070302040804050501110611010402110610110509060501100307020209090906080506090112070909031204120101010106070509031101061201010104010812120600
0001021112101002121006101105041106060312040203070811030405080303030706060105091203090412101110111205060210091208031011050307090906010907010608050606100801060503110507081204070509110201100205020704090600
0012030111050810051107060704090208091105030706060909010509030908071204030706030110100702041009031202101112071012070207010101080612040706060403120101100601070812040112070909101011100511020712090310050400
0011050210080806080305050412080503120304121211020208050109041110090601110308081008091210080401071202070503110911110309010407060410020111020907100802040710121102110501041206020205081201020509110702020500
0006061003031103070105120511021003070208060501030811090502101108070404120210020105030708030803090901080509120708040612121110051210050803120102010311070808010804030905120812021110121104080711021207081200
0008011011010209040511050801051101100111030503060808050812101009010606100605071005030807050302030608041112071207070802030502070305090401011002100405060304051208030602060606011004010802020608100808061100
0002070111111205050612010111100609011105100301040303020505070105111209080908061009111004040907070803070709110207070411021010100404020412120706050801100707030711020507100811030311100812010609010912040700
0004011202051212080607071103100610090112021101071108070705110807040702041012081212110510060203050405041011020109031202100511120910070101030409080901060408090910060612041105110208010810020412070208060200
0007090411091107051109020906090111070611111208080311021008020105060203041211090708040408051001040704090611110901110507080405060807010302120807071002010409120512050803111109050705071204120309080411030200
0008031210090706040712070203081103110501041009060111041202120604040503090703070505051208101106021111011105091106021001030312060203060512120106120206010204100410120210010304090802101111041106050303020700
0001121006101009120409090610051106050108120601070608061112120312120404080311080901091112050404011104080404031005120709040407010611030612040903010609051102121205110706011004110509101203120406091108081200
0008080704040612051009020509100706120306080712040311050705080208070308090106121010010611080808110212070402070805051109021011120609110802071203030203031203100102110908070111110107060912030208090306050500
0005020501011201100204041204100907070303081001110802080512020101091206120810051205080612040403031203090406121007020302011107041112040608041201090802090411081211080402091009040803070802040502060911050300
0003040809031002070611110503061210050603091203011012121207040402070411090303010407080609090310100209031205070509080112101006100303080709110101081203051210030309061012100111031107020802110611011101070400
0005101209110803021001010406051208011212061004051007040410120106070206070602100802060508060407100605020202020412100210080407010404090606061203101201020510040812010105120201110705021003030903090901100100
0002061205100305100609061003100504110207030807070903081003010807010506111012010310120609070506110512100405110705060204090503090602080401030703011006051205081109041207060212060411021002091202020204100500
0005030906020606040906080706061112090704011103100908080510050909050211030101120207040306080306010905010903101101031211120908061003090709080812101211061001101212090905061002070908060206101212011108101100
0004070206070812061012070605061111091107111206120803060611050907030212101107060103010207031004060503111011030811030207040812110508020405020807031106110503020904110806061111080609030912090401021010020300
0001111204041210031208080901120203070107011107040609090601061210030611100905021108020510060605080911121110120310090802121201020107091005090512020403040505120902030712040611050404021212010302071202080900
0003100312070108020308120902050901030909100510051111081211011107080401060412010310020811121006090102050912090701010703020904120105091203060107021010070308120101060509120211070502100402040704030708060500
0003040908010410071211120809070412111203010903100901050810010902031109110110050806101110050104100310010104121202060209060710030802100307110509110301100304080402090311070201070603041104111102010105110200
0003021007090304080404050612020512081204030111020311020810050812040707120406060707070303071207050909081109040711011009080804060409100405010408010201030212031004110609100709090503040302120908110801031100
0005010609100106110803100909041002020411011011070611111110020109020802020804060408010111020603021203080802020701040711011205080906080610111206060411041102040210090708081102120912020507031002010106021200
0003110710070310060111090404031001040806061211100904010304091103110602010703050211020408090906120402110507020303030206030411010307120106010206090206010503111209020510110109030308030708050109080905010800
0001041109040209020509091205120410090706100108050109010206120205050801020903080909040603030209110612110505090406041010100306060402020907090910120506020805070805020904121103090405010803050109090909080300
0002090602011207100207110207071208050907060101120607110904011109071005050906110402040602050812100401061004050811120309051010010208011006070710020704010503040702010107050702030301030801110208030807090700
0008091204050101030601040909010306120207101211060108121108041110051004121206101003031005050111110602050904010504021112070609110412070508070112100412110707060605071010030301050412070912080711100310021100
0010090805041111090901030907030111030202051010071103021006030112020111061212100804050206010302060610110708010311051109041009111207110912010812030311060207020504010711050911100908121007030510040608060400
0011080802100209031108101205040505080701120412050707101001040807100701110706050211091107060511100910090801010602110506090510081207110712031205060102081003100611041004110308070307010804010701030912080800
0001081209110711020312081204020202110509051110101003061009120206020204060506081002041112050708080810060308080504040907080309070802071106030708050704111208061106011107091207100901090901051001120603121100
0003060909120910041105090906071109070412040103080109070512071012060601030310121005110901051101080311030506060402030906051202060206030411050706110311030512061112100209020604120503100511041009070412090200
0010030607100509011106061007020512070805040409090804080801060406090102030409120507011111080101010901050909070402061010100504090911060301010901040112070501060511091112040307100102010203070909110303110900
0002060404011002040306101202081112060403010205051201040707060401091212040703120503050204030611040408061204050405090405091011110206060403050806120106121201050911030607040504071108050507050608090806020800
0004120101110704120212010402051212070412090608100104070207080706080912030902090703070709040303080303081008100109020104060109060102020806090807011207090504060604010512060607091002060210060412041207070200
0011040802060508090112051212050109031006020810080110070707041205121203050609060709110906080311010706091010081201040108050212040202050609060603050603071001111007050310040410110511080112070406110912010900
0011010508090704120308080508100103040502020605010506031102020110050403120810090207071208090112011007021205050603020207090409060103120202020104110410070611041006120409011105110603040411081106030411051000
0007121202031009110401030204021211010102040706010705061003090605060509070209121107031207070612060108060203101105061207050408031107061112031206021203041004091102060502031108010707031212091108101203040200
0006060402100710021104121201050912090707010309071005021111090808060911100412040112040405030605121111100408031209030704010912071011020704100602041101030609020804021110101104090608061003011212050808080400
0001081203020801040403050906080304011007050908041103071108020704080502080211120309080907110605101010121212070107061109090809050810051211041006040509011102020604080606030408010607111211041203071203080700
0007101207010312040811030802110409110405011206081111020308091102051003040511100407020502110306080304041104070412061107030907060910110107020705100910040305060801100209020309070208020708110212030108021100
0011110203080206080102050409121009120303020307080409050203061110060409041201070604080911090303090509080404101111011002100711070712100208090105061201110104120408110806020507050208050901080806110609110800
0004051212100709070408071111051206070310041001030606100412090202050410080103090105110910081008020411070211020605080507010404091008021003070306070408110309040803020607070106081010061001080510020509040100
0003080802030409120507010904020412010302100701060906060309110902120103030901091005100605061003020903041206021107120906070907080201041003040604020407081106060507080503080105031206060104010604090603101200
0002050501121203100503100107050104030509051109090410021204030705011107010204080310120501060211070702050104090702020608061004010709041104021004031201041111110608070606050512080510030910030408060111021200
0008110202111208081203060503080711021112090110070207111105020807050701010907100712020908120704111207030107060409010511010811091104100708121104050106070906010504110906011203040806120511060307120704050500
0009090111120406080708010702091111020102060312080105070311050302040305100906010705031111110711040406010708010905081008040303050309081201030803020404080910031209010907040909030401051110091110100602100400
0007070103120208050109091107110603110304010609021003090503091005030404030205081107120105080403040405080104111210030504051202060802090801081205100602070306111107120305030112060509071011030107040102091200
0006040302040803080409070101090906040512120402110102070205080404041105100212011212060504090401020105070803030409030304040901050606011212120711080508040709020310040606090409070711120305020512080405100700
0010031203030202080807020509110908091210030807050408081004020408071012020304120311030107030203050401010107111206071207020708020403071002110311120311040605030805070510060407060209011206100708020702060700
0012010606030404100811030707011007070809020512061112010802090201050112021111060302041008021012020509020209050904120707041105080408031005091104090402120903121211050812040510010504100808040607011205070200
0006041006060605110412090107111106120408020602120510120508031108091106020107050307050805110408100109100102090207080407060106110802030112050102100902091104010211041010030112110206030809010210071212040600
0006060309080611051103010502010204050503111104011101010112011009010402060901041007090801040407040410090309070509020904110607031109090405080410071204050906030412080304080705090506111207120211031009071200
0001060703080202040507040302031112040808020207040510061004050404101206040907101012060503050707110411100809100603120901080709071009080111071209060708040208060908060701081103090603071002050612070509090700
0001080302010904020301090511110812050509040408090507030909020108020702100808101212120101101010071204110109010209021206061012110705100711120207070402040504030307031103090207120309031005040512060503100900
0005110211010310030401050108081209011002050101030911031004040703021203060709100506060506050301031107061006111212081109030810010209031212080711010809080804041108050208120703060608111204070301110403070200
0001031004060208010809030812010409100304050110120807030312011209051106120707020212020809110901070709070704010703121010090703080405070203080107100202010212111110041011080503011211100906120608060609060700
0004091001070609071104061010080702100307050905050106010710091110081011021005020803010910010703031003110110100810111006040405031006010510061204090206040211030807100511050104060210070702080706111006071000
0010110201080802060605011008010701040504060112030910020105050606081208050106091202040910090712050201091005020909031006080610121204090911090707091003120511080506090807050909031106020210100912100511061200
0008060807010509110503060702090309110510011004020606030412110303070310010609110808070210090403070304020709100106120904010206111007050509110104090806031012040708070306021003010506040204020711020211110900
0010050409020608120605010210050310051206011111041110070305051106120810050605110809030609090903090606110902110203120801020602040707040709110805030810060711010308110504120312100608011206091208031008090300
0003031102041203060810121207040106050212090111020712060412020610040507070503020802030204030406091204051003060409120107020912090503090809070609051204051006071103120607021011070410061106080302080602110700
0006080304030905021002060610031012041201091209020612061110030501100607061104040108050811060905110202080206090203090907120711071104040806061109050209120707010204060203090410050302020210070104080607100400
0009101203070106091109120104120904100911011208080512090701080310031204040201070404050407110605050906041107120202070909071109100505040701120903030810120601060701070902061009030610051106050412040502010800
0005021201021005070906050501070604030402040606011208090412100503081103051205090110010503051008070610010509030908040507040111120410100112091009010405020312101008090111060806030909121208090603100712100100
0012060112061012060311060404100710070607090201040705040912010510050210020804051111120502070411021104060107080103081206040708011203051203110206120102120205061001041007020102090307030609120207110209080600
0012071001010803091104100811090305060809120401090909010504010502020201041112061006070707081201081107010208080804100102100911070301120908070307090211091202020110040901120304051210120202020701041210041200
0004090311020803050802050307031208110307110305111207030907111202100101090711061112011201090806100904030804031208100110060711080911121112120101070205061206011005081205070110040902010409071003111204080400
0011110404050601040402120102030607020612080609080807050105010703090312120701010402070801030201080209060103111105090506060801080811040405010809070305031102111104050709040201020501030604030711051106021200
0001101007100908080702120502110611070802061206051202050203080410090301040909061008100910020408061201040412081207070304070609010908100602080904081101050209060909090911080111090309060105110601090507041000
0012070802040203031206051010120203040406031003120906031108021103110408040501050503111002070912050512011102080304021005061006020811110604090508020112110812110605060509100601071110050409050211110609100400
0007121207120605110410050506070801120904070902111202110202071002090405090605120804100810090509120712070612010909120107041109101103020310080410070201070105080309090905030312100804121110050102091203010100
0005030510120904050408110411020207090908110812060106100911070112020907050211031205040110061105030812060709110312060206080605110110110509110402020201120312030408051002071002050105021212050505070209120700
0003011005020302101208120204080912080306060308080509091206031007060107080803060810070710030108061209020902090508050305110808040804030511060612110711041201120710111007020705070201090102050905120104040500
0001041012020709070302041210061109070407050701021110030507050409120103030103071107101011050406081103080205120807081008091003060411010606020206080306050908020712020307040302091111120302090803020501010700
0004010301080707080704090405020103070705121107100905050402030302100904110411030803080502110701010607050104050706090901120310060405101203031012120807030503030211031007061201080202010602011207050610100600
0009061211111010060405040507090410040502070312010805121210041009100806020411121002071204090708010310060306101011120512110509080506050905030903100803010507120701051004040701020309070508120306060303090500
0011110208051012110102030112011108080912110201111104090707070605110709031101080106100704080702111206070901010410030210030505051204080907020501090312020803010612051101010109010609011210080710090709040100
0008120101090301100702090304051010030912110606090706120909070910120904050902100312110710051105051201031104091202050501111002021208031102090707100801040508010706070212090304070611010908050409070507090600
0001011211120303110702020906060605020710060912040310060503121107040403030503060306110801050502010112050707050811010401120507070608070209071010030403100305090603061006010412110808031010100909101212110100
0005051107120812060204110504120512070803081109041101030309120811040212030811010311120411010809100605110308031010061207110908090501030710030505030905030204030708070805110501020601030702011001080907080200
0005020703051006060504100907050301020508100602090910070609050402080411110106090303031004030206121010071211120409011003040912050508060812080803050510100703011206110112110609020907111004081009050606100300
0012070403101211041010021002101108050804070805051107050104071207080507050209071101101207030908110103011204060810020806071205061005090807051010040405020409021208020310040309070302061003120205031009020900
0002020808080311031204101105031004100203020611110404081004090805040902110607090311040903081107021110040503020809121005120105120505090604010601011207110106040212040307120804050408120612100404060908090100
0008080412100212050806110801081101111001030606100302100710050709121211050409121005060812040708041108010109010307060210020312080705030706081011020605090710020804031105110112070510011102120501050510061200
0002070307050206120912080805090102100612090802050102110901010602110411050901040905060110110612050605111110010610070305070107120302050905031104121111051004090308070107011002050803030108100103090403100300
0001120811071001040403080110100407121012070702110601110512010211020106020812010502011206020110030506030309041112070505121101090906010704020705050502050912100705051109060707050305050510110306041011060700
0006020911110101021112090909120904040908060905090708110905060707050605100209091104041010090203050903061104030204071208090812100809100907050312050803121001070501030305090503021005120706030306110110050400
0012031202110701071012110507080203041203090203030209060709110402120702101202120403110502060903061210051206080303121111020810100711041007081106060703120911070309110908071212120710100605020212120911010300
0011041211010909110409090905120705120202120301021006070610120205070203030706101007090912061110010808020501031107040202070604040606101108120209040505120408030212010411011008070703120107051204051010051200
0006120704100402090810060305050712051102070708020609100801110104050402100511061212120110060410061108040406111203030508080503090505080511050608070902050507020607110808030211040302010812081005010909080200
0005081107120306031007040304051202120304100210110310100808080805050908080907050901091001031103081205090501110501050505090510110411010808031011080104071203020204040710030601080210040312120911060809020100
0001050808030406040904030105060609011002100505120711071011010207110306070606010204041203091107071005090802040803010309010312111003081107050206050302020310040902110309040112120912090204011103060207080300
0005050712010601090305120803100508110401120810080201010404030404120402100501011101060404120911080106010911080101100201110805031102060907111211041206121104060704060208030108100312040804010206110801110500
0010101210090702020911030907121111040101120103060511081103011005051203081009010905121002040709010312011203050112070602050511110607070408050103080709030610091107080608050112070410071210060806011210071000
0006120811060905120212060403080505111103120707100402100503040408110604090709060503110505050311031109081001040701081011090811050502090802110203010105030506090912100612061210061011081202070210031107090900
0008030912080204030112111211020203020208110207020905010401101212070401020602060409070908111105111107070812030911020109011006100103070902061201040609050106101010100504040206100301010706111108100801020800
0004050107050205120903050609010501011201070908090108031108080208090103110510061208070102050103070611020110110709121003120403110410030303100405030301110909110309040901040807080901010304010905050603070400
0007020902071012100403080204100103011004051109061109090502040410090211060910091202101109110206011209031205040704110306010602041103021107090703031210091002040212020411090508081002110404120203110908060400
0000000000000000000000000000000000000000000000000000000000000000000000000000000000000000000000000000000000000000000000000000000000000000000000000000000000000000000000000000000000000000000000000000000000
